200000000000000000000000000000000000000000000000000000000000000000000000000000000000000000000000003
020000000000000000000000000000000000000000000000000000000000000000000000000000000000000000000000030
002000000000000000000000000000000000000000000000000000000000000000000000000000000000000000000000300
000200000000000000000000000000000000000000000000000000000000000000000000000000000000000000000003000
000020000000000000000000000000000000000000000000000000000000000000000000000000000000000000000030000
000002000000000000000000000000000000000000000000000000000000000000000000000000000000000000000300000
000000200000000000000000000000000000000000000000000000000000000000000000000000000000000000003000000
000000020000000000000000000000000000000000000000000000000000000000000000000000000000000000030000000
000000002000000000000000000000000000000000000000000000000000000000000000000000000000000000300000000
000000000200000000000000000000000000000000000000000000000000000000000000000000000000000003000000000
000000000020000000000000000000000000000000000000000000000000000000000000000000000000000030000000000
000000000002000000000000000000000000000000000000000000000000000000000000000000000000000300000000000
000000000000200000000000000000000000000000000000000000000000000000000000000000000000003000000000000
000000000000020000000000000000000000000000000000000000000000000000000000000000000000030000000000000
000000000000002000000000000000000000000000000000000000000000000000000000000000000000300000000000000
000000000000000200000000000000000000000000000000000000000000000000000000000000000003000000000000000
000000000000000020000000000000000000000000000000000000000000000000000000000000000030000000000000000
000000000000000002000000000000000000000000000000000000000000000000000000000000000300000000000000000
000000000000000000200000000000000000000000000000000000000000000000000000000000003000000000000000000
000000000000000000020000000000000000000000000000000000000000000000000000000000030000000000000000000
000000000000000000002000000000000000000000000000000000000000000000000000000000300000000000000000000
000000000000000000000200000000000000000000000000000000000000000000000000000003000000000000000000000
000000000000000000000020000000000000000000000000000000000000000000000000000030000000000000000000000
000000000000000000000002000000000000000000000000000000000000000000000000000300000000000000000000000
000000000000000000000000200000000000000000000000000000000000000000000000003000000000000000000000000
000000000000000000000000020000000000000000000000000000000000000000000000030000000000000000000000000
000000000000000000000000002000000000000000000000000000000000000000000000300000000000000000000000000
000000000000000000000000000200000000000000000000000000000000000000000003000000000000000000000000000
000000000000000000000000000020000000000000000000000000000000000000000030000000000000000000000000000
000000000000000000000000000002000000000000000000000000000000000000000300000000000000000000000000000
000000000000000000000000000000200000000000000000000000000000000000003000000000000000000000000000000
000000000000000000000000000000020000000000000000000000000000000000030000000000000000000000000000000
000000000000000000000000000000002000000000000000000000000000000000300000000000000000000000000000000
000000000000000000000000000000000111111111111111111111111111111111000000000000000000000000000000000
000000000000000000000000000000000111111111111111111111111111111111000000000000000000000000000000000
000000000000000000000000000000000111111111111111111111111111111111000000000000000000000000000000000
000000000000000000000000000000000111111111111111111111111111111111000000000000000000000000000000000
000000000000000000000000000000000111111111111111111111111111111111000000000000000000000000000000000
000000000000000000000000000000000111111111111111111111111111111111000000000000000000000000000000000
000000000000000000000000000000000111111111111111111111111111111111000000000000000000000000000000000
000000000000000000000000000000000111111111111111111111111111111111000000000000000000000000000000000
000000000000000000000000000000000111111111111111111111111111111111000000000000000000000000000000000
000000000000000000000000000000000111111111111111111111111111111111000000000000000000000000000000000
000000000000000000000000000000000111111111111111111111111111111111000000000000000000000000000000000
000000000000000000000000000000000111111111111111111111111111111111000000000000000000000000000000000
000000000000000000000000000000000111111111111111111111111111111111000000000000000000000000000000000
000000000000000000000000000000000111111111111111111111111111111111000000000000000000000000000000000
000000000000000000000000000000000111111111111111111111111111111111000000000000000000000000000000000
000000000000000000000000000000000111111111111111111111111111111111000000000000000000000000000000000
000000000000000000000000000000000111111111111111141111111111111111000000000000000000000000000000000
000000000000000000000000000000000111111111111111111111111111111111000000000000000000000000000000000
000000000000000000000000000000000111111111111111111111111111111111000000000000000000000000000000000
000000000000000000000000000000000111111111111111111111111111111111000000000000000000000000000000000
000000000000000000000000000000000111111111111111111111111111111111000000000000000000000000000000000
000000000000000000000000000000000111111111111111111111111111111111000000000000000000000000000000000
000000000000000000000000000000000111111111111111111111111111111111000000000000000000000000000000000
000000000000000000000000000000000111111111111111111111111111111111000000000000000000000000000000000
000000000000000000000000000000000111111111111111111111111111111111000000000000000000000000000000000
000000000000000000000000000000000111111111111111111111111111111111000000000000000000000000000000000
000000000000000000000000000000000111111111111111111111111111111111000000000000000000000000000000000
000000000000000000000000000000000111111111111111111111111111111111000000000000000000000000000000000
000000000000000000000000000000000111111111111111111111111111111111000000000000000000000000000000000
000000000000000000000000000000000111111111111111111111111111111111000000000000000000000000000000000
000000000000000000000000000000000111111111111111111111111111111111000000000000000000000000000000000
000000000000000000000000000000000111111111111111111111111111111111000000000000000000000000000000000
000000000000000000000000000000000111111111111111111111111111111111000000000000000000000000000000000
000000000000000000000000000000003000000000000000000000000000000000200000000000000000000000000000000
000000000000000000000000000000030000000000000000000000000000000000020000000000000000000000000000000
000000000000000000000000000000300000000000000000000000000000000000002000000000000000000000000000000
000000000000000000000000000003000000000000000000000000000000000000000200000000000000000000000000000
000000000000000000000000000030000000000000000000000000000000000000000020000000000000000000000000000
000000000000000000000000000300000000000000000000000000000000000000000002000000000000000000000000000
000000000000000000000000003000000000000000000000000000000000000000000000200000000000000000000000000
000000000000000000000000030000000000000000000000000000000000000000000000020000000000000000000000000
000000000000000000000000300000000000000000000000000000000000000000000000002000000000000000000000000
000000000000000000000003000000000000000000000000000000000000000000000000000200000000000000000000000
000000000000000000000030000000000000000000000000000000000000000000000000000020000000000000000000000
000000000000000000000300000000000000000000000000000000000000000000000000000002000000000000000000000
000000000000000000003000000000000000000000000000000000000000000000000000000000200000000000000000000
000000000000000000030000000000000000000000000000000000000000000000000000000000020000000000000000000
000000000000000000300000000000000000000000000000000000000000000000000000000000002000000000000000000
000000000000000003000000000000000000000000000000000000000000000000000000000000000200000000000000000
000000000000000030000000000000000000000000000000000000000000000000000000000000000020000000000000000
000000000000000300000000000000000000000000000000000000000000000000000000000000000002000000000000000
000000000000003000000000000000000000000000000000000000000000000000000000000000000000200000000000000
000000000000030000000000000000000000000000000000000000000000000000000000000000000000020000000000000
000000000000300000000000000000000000000000000000000000000000000000000000000000000000002000000000000
000000000003000000000000000000000000000000000000000000000000000000000000000000000000000200000000000
000000000030000000000000000000000000000000000000000000000000000000000000000000000000000020000000000
000000000300000000000000000000000000000000000000000000000000000000000000000000000000000002000000000
000000003000000000000000000000000000000000000000000000000000000000000000000000000000000000200000000
000000030000000000000000000000000000000000000000000000000000000000000000000000000000000000020000000
000000300000000000000000000000000000000000000000000000000000000000000000000000000000000000002000000
000003000000000000000000000000000000000000000000000000000000000000000000000000000000000000000200000
000030000000000000000000000000000000000000000000000000000000000000000000000000000000000000000020000
000300000000000000000000000000000000000000000000000000000000000000000000000000000000000000000002000
003000000000000000000000000000000000000000000000000000000000000000000000000000000000000000000000200
030000000000000000000000000000000000000000000000000000000000000000000000000000000000000000000000020
300000000000000000000000000000000000000000000000000000000000000000000000000000000000000000000000002

2000000000000000000000000000000000000000000000000000000000000000000000000000000000000000000000003
0200000000000000000000000000000000000000000000000000000000000000000000000000000000000000000000030
0020000000000000000000000000000000000000000000000000000000000000000000000000000000000000000000300
0002000000000000000000000000000000000000000000000000000000000000000000000000000000000000000003000
0000200000000000000000000000000000000000000000000000000000000000000000000000000000000000000030000
0000020000000000000000000000000000000000000000000000000000000000000000000000000000000000000300000
0000002000000000000000000000000000000000000000000000000000000000000000000000000000000000003000000
0000000200000000000000000000000000000000000000000000000000000000000000000000000000000000030000000
0000000020000000000000000000000000000000000000000000000000000000000000000000000000000000300000000
0000000002000000000000000000000000000000000000000000000000000000000000000000000000000003000000000
0000000000200000000000000000000000000000000000000000000000000000000000000000000000000030000000000
0000000000020000000000000000000000000000000000000000000000000000000000000000000000000300000000000
0000000000002000000000000000000000000000000000000000000000000000000000000000000000003000000000000
0000000000000200000000000000000000000000000000000000000000000000000000000000000000030000000000000
0000000000000020000000000000000000000000000000000000000000000000000000000000000000300000000000000
0000000000000002000000000000000000000000000000000000000000000000000000000000000003000000000000000
0000000000000000200000000000000000000000000000000000000000000000000000000000000030000000000000000
0000000000000000020000000000000000000000000000000000000000000000000000000000000300000000000000000
0000000000000000002000000000000000000000000000000000000000000000000000000000003000000000000000000
0000000000000000000200000000000000000000000000000000000000000000000000000000030000000000000000000
0000000000000000000020000000000000000000000000000000000000000000000000000000300000000000000000000
0000000000000000000002000000000000000000000000000000000000000000000000000003000000000000000000000
0000000000000000000000200000000000000000000000000000000000000000000000000030000000000000000000000
0000000000000000000000020000000000000000000000000000000000000000000000000300000000000000000000000
0000000000000000000000002000000000000000000000000000000000000000000000003000000000000000000000000
0000000000000000000000000200000000000000000000000000000000000000000000030000000000000000000000000
0000000000000000000000000020000000000000000000000000000000000000000000300000000000000000000000000
0000000000000000000000000002000000000000000000000000000000000000000003000000000000000000000000000
0000000000000000000000000000200000000000000000000000000000000000000030000000000000000000000000000
0000000000000000000000000000020000000000000000000000000000000000000300000000000000000000000000000
0000000000000000000000000000002000000000000000000000000000000000003000000000000000000000000000000
0000000000000000000000000000000200000000000000000000000000000000030000000000000000000000000000000
0000000000000000000000000000000011111111111111111111111111111111100000000000000000000000000000000
0000000000000000000000000000000011111111111111111111111111111111100000000000000000000000000000000
0000000000000000000000000000000011111111111111111111111111111111100000000000000000000000000000000
0000000000000000000000000000000011111111111111111111111111111111100000000000000000000000000000000
0000000000000000000000000000000011111111111111111111111111111111100000000000000000000000000000000
0000000000000000000000000000000011111111111111111111111111111111100000000000000000000000000000000
0000000000000000000000000000000011111111111111111111111111111111100000000000000000000000000000000
0000000000000000000000000000000011111111111111111111111111111111100000000000000000000000000000000
0000000000000000000000000000000011111111111111111111111111111111100000000000000000000000000000000
0000000000000000000000000000000011111111111111111111111111111111100000000000000000000000000000000
0000000000000000000000000000000011111111111111111111111111111111100000000000000000000000000000000
0000000000000000000000000000000011111111111111111111111111111111100000000000000000000000000000000
0000000000000000000000000000000011111111111111111111111111111111100000000000000000000000000000000
0000000000000000000000000000000011111111111111111111111111111111100000000000000000000000000000000
0000000000000000000000000000000011111111111111111111111111111111100000000000000000000000000000000
0000000000000000000000000000000011111111111111111111111111111111100000000000000000000000000000000
0000000000000000000000000000000011111111111111114111111111111111100000000000000000000000000000000
0000000000000000000000000000000011111111111111111111111111111111100000000000000000000000000000000
0000000000000000000000000000000011111111111111111111111111111111100000000000000000000000000000000
0000000000000000000000000000000011111111111111111111111111111111100000000000000000000000000000000
0000000000000000000000000000000011111111111111111111111111111111100000000000000000000000000000000
0000000000000000000000000000000011111111111111111111111111111111100000000000000000000000000000000
0000000000000000000000000000000011111111111111111111111111111111100000000000000000000000000000000
0000000000000000000000000000000011111111111111111111111111111111100000000000000000000000000000000
0000000000000000000000000000000011111111111111111111111111111111100000000000000000000000000000000
0000000000000000000000000000000011111111111111111111111111111111100000000000000000000000000000000
0000000000000000000000000000000011111111111111111111111111111111100000000000000000000000000000000
0000000000000000000000000000000011111111111111111111111111111111100000000000000000000000000000000
0000000000000000000000000000000011111111111111111111111111111111100000000000000000000000000000000
0000000000000000000000000000000011111111111111111111111111111111100000000000000000000000000000000
0000000000000000000000000000000011111111111111111111111111111111100000000000000000000000000000000
0000000000000000000000000000000011111111111111111111111111111111100000000000000000000000000000000
0000000000000000000000000000000011111111111111111111111111111111100000000000000000000000000000000
0000000000000000000000000000000300000000000000000000000000000000020000000000000000000000000000000
0000000000000000000000000000003000000000000000000000000000000000002000000000000000000000000000000
0000000000000000000000000000030000000000000000000000000000000000000200000000000000000000000000000
0000000000000000000000000000300000000000000000000000000000000000000020000000000000000000000000000
0000000000000000000000000003000000000000000000000000000000000000000002000000000000000000000000000
0000000000000000000000000030000000000000000000000000000000000000000000200000000000000000000000000
0000000000000000000000000300000000000000000000000000000000000000000000020000000000000000000000000
0000000000000000000000003000000000000000000000000000000000000000000000002000000000000000000000000
0000000000000000000000030000000000000000000000000000000000000000000000000200000000000000000000000
0000000000000000000000300000000000000000000000000000000000000000000000000020000000000000000000000
0000000000000000000003000000000000000000000000000000000000000000000000000002000000000000000000000
0000000000000000000030000000000000000000000000000000000000000000000000000000200000000000000000000
0000000000000000000300000000000000000000000000000000000000000000000000000000020000000000000000000
0000000000000000003000000000000000000000000000000000000000000000000000000000002000000000000000000
0000000000000000030000000000000000000000000000000000000000000000000000000000000200000000000000000
0000000000000000300000000000000000000000000000000000000000000000000000000000000020000000000000000
0000000000000003000000000000000000000000000000000000000000000000000000000000000002000000000000000
0000000000000030000000000000000000000000000000000000000000000000000000000000000000200000000000000
0000000000000300000000000000000000000000000000000000000000000000000000000000000000020000000000000
0000000000003000000000000000000000000000000000000000000000000000000000000000000000002000000000000
0000000000030000000000000000000000000000000000000000000000000000000000000000000000000200000000000
0000000000300000000000000000000000000000000000000000000000000000000000000000000000000020000000000
0000000003000000000000000000000000000000000000000000000000000000000000000000000000000002000000000
0000000030000000000000000000000000000000000000000000000000000000000000000000000000000000200000000
0000000300000000000000000000000000000000000000000000000000000000000000000000000000000000020000000
0000003000000000000000000000000000000000000000000000000000000000000000000000000000000000002000000
0000030000000000000000000000000000000000000000000000000000000000000000000000000000000000000200000
0000300000000000000000000000000000000000000000000000000000000000000000000000000000000000000020000
0003000000000000000000000000000000000000000000000000000000000000000000000000000000000000000002000
0030000000000000000000000000000000000000000000000000000000000000000000000000000000000000000000200
0300000000000000000000000000000000000000000000000000000000000000000000000000000000000000000000020
3000000000000000000000000000000000000000000000000000000000000000000000000000000000000000000000002

